1.451539579912741651e+01 -6.004335378799333447e-04
1.418275793056340461e+01 1.386411045257133047e-03
1.402074196378241133e+01 -1.268834404950844059e-03
1.386150651462831007e+01 9.690909368116974775e-04
1.370498787032255628e+01 1.842470050386857091e-04
1.339985521701330029e+01 3.387381352902286025e-03
1.325112266809679262e+01 -7.211424114819643075e-04
1.310486972583567145e+01 -1.817578334307058414e-03
1.268044434560927591e+01 -1.329673246067086378e-03
1.254357311571096290e+01 2.423586080692120663e-03
1.240892044156652396e+01 2.553007243366123627e-03
1.227643832917603106e+01 1.399794839976176717e-03
1.214608008335928169e+01 -9.690586909259729740e-04
1.201780026555523051e+01 1.177075528776342674e-03
1.189155465321935345e+01 1.404097549258801836e-03
1.176730020075295435e+01 6.303322968001181040e-03
1.164499500189809922e+01 1.889041922360206816e-03
1.152459825353406053e+01 -7.790967516517661746e-04
1.140607022081524669e+01 3.623218497749912566e-03
1.128937220359666860e+01 4.795451711007652114e-03
1.117446650408920839e+01 3.246702048080537129e-03
1.106131639569556135e+01 6.980812385952755300e-03
1.094988609297535653e+01 1.611568521999207386e-03
1.084014072269615170e+01 1.347067449207672851e-02
1.073204629592172488e+01 9.383952308483184401e-03
1.062556968109727684e+01 7.395238210013480723e-03
1.052067857809049300e+01 9.434421226455040610e-03
1.041734149314948965e+01 7.737681833694254850e-03
1.031552771474099295e+01 5.438017093176459454e-03
1.021520729023271734e+01 1.562702771228032667e-02
1.011635100338678583e+01 8.089803610728857688e-03
1.001893035263255172e+01 5.957798069868376969e-03
9.922917530085484827e+00 1.856676347289042128e-02
9.828285401286484202e+00 4.258832682150133844e-03
9.735007485631415491e+00 1.172233942324716130e-02
9.643057937462131690e+00 2.492876159533605890e-02
9.552411527797488588e+00 2.609374650686354866e-02
9.463043626677109188e+00 2.643924846877040297e-02
9.374930186093681783e+00 3.246087612715061604e-02
9.288047723493411567e+00 2.965155504528335911e-03
9.202373305822513672e+00 2.182346808745130873e-02
9.117884534098731564e+00 5.825177594279224748e-03
9.034559528485560875e+00 3.236508130181719317e-02
8.952376913857127860e+00 2.258982472149098641e-02
8.871315805828894341e+00 3.551005161322576958e-02
8.791355797238180614e+00 1.940636929796673779e-02
8.712476945061972344e+00 1.955235849649802904e-02
8.634659757751009579e+00 4.210714178405790264e-02
8.557885182967819304e+00 2.974874621423632612e-02
8.482134595711864122e+00 4.442198063517906192e-02
8.407389786821346078e+00 4.184475925931515489e-02
8.333632951833990887e+00 2.977839042481528198e-02
8.260846680196586078e+00 3.607983012626733016e-02
8.189013944809731882e+00 3.553377786635404656e-02
8.118118091896562305e+00 5.319191769811636855e-02
8.048142831183350054e+00 5.221973153387964722e-02
7.979072226381780375e+00 1.633958627489267776e-02
7.910890685960813684e+00 7.857951568491626515e-02
7.843582954200025270e+00 4.841445193998899360e-02
7.777134102513976188e+00 5.657717984713225845e-02
7.711529521036603718e+00 4.475300154405371933e-02
7.646754910459152121e+00 4.709315090302111650e-02
7.582796274112070023e+00 5.998442266912117071e-02
7.519639910281079587e+00 3.788107868314950083e-02
7.457272404751376982e+00 4.249038614647633605e-02
7.395680623572251200e+00 7.133897862342802876e-02
7.334851706034005936e+00 1.017227314327228405e-01
7.274773057847379931e+00 7.907580711174408417e-02
7.215432344526307773e+00 2.206189953149538183e-02
7.156817484957977982e+00 6.957675019092614266e-02
7.098916645160394445e+00 1.056517709591571486e-01
7.041718232219524864e+00 1.282444338942227979e-01
6.985210888399161711e+00 4.912023574463292297e-02
6.929383485418289190e+00 5.303400532620007601e-02
6.874225118891992281e+00 1.348613466089376434e-01
6.819725102928623883e+00 1.141996551504174812e-01
6.765872964878218099e+00 1.144293047792644680e-01
6.712658440230501178e+00 1.054093929997354656e-01
6.660071467651853538e+00 1.004766494920362324e-01
6.608102184163739956e+00 1.492073770677951605e-01
6.556740920451349375e+00 1.289270434563056789e-01
6.505978196304528005e+00 8.316873373922238633e-02
6.455804716181008374e+00 1.426517670983854236e-01
6.406211364893601434e+00 1.285212107905712997e-01
6.357189203412804801e+00 1.227655767475072240e-01
6.308729464784621932e+00 5.030158581217768210e-02
6.260823550157764039e+00 1.781788092525327383e-01
6.213463024918762123e+00 1.094447001286179971e-01
6.166639614929176005e+00 1.235263462740254364e-01
6.120345202865504319e+00 1.127590665961492461e-01
6.074571824653684615e+00 1.499070309776896759e-01
6.029311666000470638e+00 1.845553889133812742e-01
5.984557059015436664e+00 1.947303917025403064e-01
5.940300478921732186e+00 1.652986785577968687e-01
5.896534540852257145e+00 1.571929563578810252e-01
5.853251996731255069e+00 1.979867993002948356e-01
5.810445732235492322e+00 2.016730033033696801e-01
5.768108763834395525e+00 1.562853051768722801e-01
5.726234235906859205e+00 2.433856225378645266e-01
5.684815417932222559e+00 2.527098040024801096e-01
5.643845701752077559e+00 2.143039741784867058e-01
5.603318598904167835e+00 3.024509600387471631e-01
5.563227738021281787e+00 4.158384915493510553e-02
5.523566862298071811e+00 1.679990491999731883e-01
5.484329827020784975e+00 3.159054558182269878e-01
5.445510597159707977e+00 3.096923387587664500e-01
5.407103245021196436e+00 2.454733070708150500e-01
5.369101947959074472e+00 1.773395633280772099e-01
5.331500986141671561e+00 3.631070979774210783e-01
5.294294740375725894e+00 4.587439821747637536e-01
5.257477689983209856e+00 3.136895483817792596e-01
5.221044410730240948e+00 3.446120627879431519e-01
5.184989572807033653e+00 4.266816420248179531e-01
5.149307938856601652e+00 3.654119391908356995e-01
5.113994362052423526e+00 4.099572240595555361e-01
5.079043784221937585e+00 5.005261615295316657e-01
5.044451234015876473e+00 4.564344767931116653e-01
5.010211825120723717e+00 5.070114499500621985e-01
4.976320754515545453e+00 4.127038579295461140e-01
4.942773300769247591e+00 3.543984761052039190e-01
4.909564822378655435e+00 4.181683873672802920e-01
4.876690756146397909e+00 3.978592047877751448e-01
4.844146615597531458e+00 3.017758862555425248e-01
4.811927989431591612e+00 5.954879088773276097e-01
4.780030540013597395e+00 5.902388814731317490e-01
4.748450001899223061e+00 3.276810364601533965e-01
4.717182180392891944e+00 6.123301060687920128e-01
4.686222950142743926e+00 2.762560242220541973e-01
4.655568253764974074e+00 4.619004253762223899e-01
4.625214100501303882e+00 4.869139029725955692e-01
4.595156564908118746e+00 4.693945373887935535e-01
4.565391785574349548e+00 6.642191442207109331e-01
4.535915963868948353e+00 5.921501063559228006e-01
4.506725362717522110e+00 7.480921424084281401e-01
4.477816305406475017e+00 8.941067166412716150e-01
4.449185174414020061e+00 9.348817366704912368e-01
4.420828410267234609e+00 6.255027803178918600e-01
4.392742510426621116e+00 4.166923125996611632e-01
4.364924028192745276e+00 9.901922883736163916e-01
4.337369571640168786e+00 9.006040214733362914e-01
4.310075802573051895e+00 8.419932602404559541e-01
4.283039435505755499e+00 5.690974671407215135e-01
4.256257236663852694e+00 5.407389396821323801e-01
4.229726023009322766e+00 1.243149340496820798e+00
4.203442661285938797e+00 6.247589050114601417e-01
4.177404067085500827e+00 1.102054728548081508e+00
4.151607203935308910e+00 1.119732753481192056e+00
4.126049082405022439e+00 1.066302913129080432e+00
4.100726759232886209e+00 8.312896095786607153e-01
4.075637336470711247e+00 8.003041120418548093e-01
4.050777960647395481e+00 8.388591427049428839e-01
4.026145821951616632e+00 4.628179957938817202e-01
4.001738153429726275e+00 9.339792062406823137e-01
3.977552230202606953e+00 9.137987527824096290e-01
3.953585368698781632e+00 1.030174758276041880e+00
3.929834925903767928e+00 9.268405116327927962e-01
3.906298298624645504e+00 7.870275117923780650e-01
3.882972922771498414e+00 7.639256637871708611e-01
3.859856272653229503e+00 7.578302186090989379e-01
3.836945860287963139e+00 8.823609386539126298e-01
3.814239234727611727e+00 7.947447114259441614e-01
3.791733981398276665e+00 3.727115133031744798e-01
3.769427721451692026e+00 1.077898376730937802e+00
3.747318111132917462e+00 1.771062874527516984e+00
3.725402841158656386e+00 7.586907339325035249e-01
3.703679636109743267e+00 4.781279935511577039e-01
3.682146253836545036e+00 1.643524310802803257e+00
3.660800484874781713e+00 1.556045026082106597e+00
3.639640151874677265e+00 5.929962416153338189e-01
3.618663109041575510e+00 1.012083258382921874e-01
3.597867241588005971e+00 4.491150677495444055e-01
3.577250465195966456e+00 1.576449093511914867e+00
3.556810725490659131e+00 7.704617199882414225e-01
3.536545997525478491e+00 7.227254670586020779e-01
3.516454285276165770e+00 1.480097346037091866e+00
3.496533621145382131e+00 2.728655863222674949e+00
3.476782065478111861e+00 1.413901970783473239e+00
3.457197706085402888e+00 2.043795467937825627e+00
3.437778657778521207e+00 1.351488251145942288e+00
3.418523061911233452e+00 1.953443993101112053e+00
3.399429085932710315e+00 8.837016691824431947e-01
3.380494922947935965e+00 1.333295988988664860e+00
3.361718791286862018e+00 2.975372285469520262e-01
3.343098934082941565e+00 1.684669359131703681e+00
3.324633618858533701e+00 8.933517768862069275e-01
3.306321137119270670e+00 2.097913324087593789e+00
3.288159803956132166e+00 2.701058733905887799e+00
3.270147957655642035e+00 1.737115295670722759e+00
3.252283959315695139e+00 2.515448318361904523e+00
3.234566192471589829e+00 2.341357896992760423e+00
3.216993062727267816e+00 2.264008515734809546e+00
3.199562997393848640e+00 2.005662379918269345e+00
3.182274445136287433e+00 1.110761659017561076e+00
3.165125875624409169e+00 1.297135924651016570e+00
3.148115779192898867e+00 1.736081671318426389e+00
3.131242666507337624e+00 2.084732889530803934e+00
3.114505068234610707e+00 1.565012643117498659e+00
3.097901534721857253e+00 3.013402421904159301e+00
3.081430635680422192e+00 1.526853549036714996e+00
3.065090959875224286e+00 1.384355387937212578e+00
3.048881114821206495e+00 1.650320482565372782e+00
3.032799726484579406e+00 1.672217328244823831e-01
3.016845438988855932e+00 7.624555898828698774e-01
3.001016914329010632e+00 1.459201454885487026e+00
2.985312832086890911e+00 9.566175763012962907e-01
2.969731889156209448e+00 2.290780538030747771e+00
2.954272799468996791e+00 1.071127216094509338e+00
2.938934293729552838e+00 2.170231208741481232e+00
2.923715119151107267e+00 1.832082695352265755e+00
2.908614039199773238e+00 2.876620167951867479e+00
2.893629833340581214e+00 1.409948817941970800e+00
2.878761296790391278e+00 1.999439333839229338e+00
2.864007240273510835e+00 2.410968045220288847e+00
2.849366489782523715e+00 1.074465250265933980e+00
2.834837886343492208e+00 2.671145252161859496e+00
2.820420285785119940e+00 8.015740698561026889e-01
2.806112558512492861e+00 2.232452557749226685e+00
2.791913589283328445e+00 3.596826680211985927e+00
2.777822276991091854e+00 1.144780323856007698e+00
2.763837534448535749e+00 3.056269442838655426e+00
2.749958288178108390e+00 1.280634783164549706e+00
2.736183478203827235e+00 2.701598256137050402e+00
2.722512057848147204e+00 2.844966729257206062e+00
2.708942993531956223e+00 2.769831693139187312e+00
2.695475264578112817e+00 3.253174860088032361e+00
2.682107863017691329e+00 1.930816256105469808e+00
2.668839793402059790e+00 1.034912886679822952e+00
2.655670072613919075e+00 3.492516857386565032e-01
2.642597729686672725e+00 1.296440796674352747e+00
2.629621805623171049e+00 7.158810128767613135e-01
2.616741353218418720e+00 6.039153860747166203e-01
2.603955436886650876e+00 -0.000000000000000000e+00
2.591263132490705612e+00 1.113890680156379931e+00
2.578663527172854408e+00 3.382528204874765354e+00
2.566155719190835960e+00 -8.876473599315385377e-01
2.553738817755149437e+00 1.796893959622553938e+00
2.541411942869880036e+00 1.169166050586601502e+00
2.529174225175612634e+00 2.761083895219385465e+00
2.517024805795679665e+00 1.330682172186620216e+00
2.504962836184073449e+00 3.366788593777147121e+00
2.492987477977316679e+00 4.770159632367040103e+00
2.481097902846960856e+00 1.793018789255779399e+00
2.469293292357081171e+00 2.651913525000034078e+00
2.457572837820941380e+00 1.271160074954439834e+00
2.445935740162863414e+00 2.858429426385104666e+00
2.434381209781351085e+00 3.904710240584141623e+00
2.422908466413878692e+00 5.853296043032908402e-01
2.411516739004386789e+00 1.628683044890968157e+00
2.400205265574320013e+00 -5.992323756777504506e-01
2.388973293093251460e+00 -4.547115383344193518e-01
2.377820077353045125e+00 1.533494670187456554e+00
2.366744882844311171e+00 9.308704357998113244e-01
2.355746982634944420e+00 4.708723384636546161e-01
2.344825658249080735e+00 2.223013865202790651e+00
2.333980199550427681e+00 9.637977945582963946e-01
2.323209904625385125e+00 1.949956171491372459e+00
2.312514079669087064e+00 1.808146658553895003e+00
2.301892038873311730e+00 1.829024439227093124e+00
2.291343104315858969e+00 3.363808152232468096e-01
2.280866605852000628e+00 -3.402469301713291761e-01
2.270461881007191263e+00 1.376593938775196646e+00
2.260128274872270193e+00 3.480857217029975081e-01
2.249865139999919439e+00 5.456912720876630374e+00
2.239671836301745156e+00 -1.780341101833419204e-01
2.229547730949731132e+00 1.260398906862300494e+00
2.219492198276030503e+00 2.731472937296821168e+00
2.209504619676504245e+00 2.762367926913756211e+00
2.199584383515093666e+00 5.773319391802703038e+00
2.189730885029652185e+00 1.883330640318695348e+00
2.179943526239442431e+00 -1.904488515688614325e-01
2.170221715854092626e+00 5.777507955158676101e-01
2.160564869183179137e+00 1.752636886984844544e+00
2.150972408048930085e+00 3.150567669223467426e+00
2.141443760698517274e+00 1.991028690021308556e+00
2.131978361719053083e+00 1.610517837292811727e+00
2.122575651952588682e+00 2.239008096842279194e+00
2.103956094208214722e+00 -1.872615902129950660e+00
2.094738158451583843e+00 2.103594770513528833e-01
2.085580736190508322e+00 5.742107383244946739e+00
2.076483298325455085e+00 2.580024792861455918e+00
2.067445321532651370e+00 -2.608246518679008030e+00
2.058466288189292559e+00 1.098631043091177650e+00
2.049545686299373504e+00 4.442383923526620038e+00
2.040683009419518523e+00 -4.490659474630535053e-01
2.031877756587315620e+00 1.815741410933541466e+00
2.023129432250270643e+00 -4.129621915466791471e+00
2.014437546195599005e+00 6.493211203555805611e+00
2.005801613481473122e+00 9.375947773609817348e-01
1.997221154368271412e+00 -2.369184598123585117e-01
1.988695694252951451e+00 -1.915678676449161566e+00
1.980224763602590254e+00 7.260688715224953294e-01
1.971807897888965488e+00 4.158335436621745096e+00
1.963444637525221470e+00 -7.416450101996259203e-01
1.946877118828233222e+00 -5.049914383073226265e-01
1.938671965464553892e+00 4.337884575508739182e+00
1.930518627268632104e+00 4.899458457711917347e+00
1.922416668432713305e+00 -1.824098661226092544e+00
1.914365657726234016e+00 -7.899830685776638717e-01
1.906365168437486934e+00 2.394835902579026676e+00
1.898414778317578211e+00 5.377624664340888705e-01
1.890514069524175778e+00 -2.173543201256004309e+00
1.882662628565883622e+00 2.745280246621836229e-01
1.874860046249114953e+00 4.438188049863633466e+00
1.867105917623299804e+00 -1.121076930045160847e+00
1.859399841929216590e+00 -2.265404883571970451e+00
1.851741422546074212e+00 8.583181053958961471e-01
1.844130266940678053e+00 3.468727864664446603e+00
1.836565986617011648e+00 -5.548752792351634433e+00
1.829048197066653003e+00 -1.770258485778292146e+00
1.821576517719188271e+00 -2.980711869895159349e+00
1.814150571894296293e+00 -0.000000000000000000e+00
1.806769986753620660e+00 4.563029128688946834e+00
1.799434393254310871e+00 2.151134266532302775e+00
1.792143426102354997e+00 -5.587795855089922270e+00
1.784896723707786625e+00 -3.135867191926066666e-01
1.777693928137600077e+00 2.217361285951274130e+00
1.770534685073874792e+00 1.919824766778764236e+00
1.763418643768774663e+00 -5.494426591895480882e+00
1.756345457000795696e+00 -4.570417089614031703e+00
1.742326275574138883e+00 6.661013579358908698e-01
1.735379603729110043e+00 -1.345546042899643302e+00
1.728474431967040648e+00 -3.057741029952349088e+00
1.721610430076618847e+00 4.803936426516663971e+00
1.714787271127235391e+00 -5.198319139744320694e+00
1.708004631429607345e+00 -6.999960868179712081e-01
1.701262190497859983e+00 -1.060406339296183331e+00
1.694559631011818723e+00 7.139339606607107980e-01
1.687896638778048519e+00 3.604928076878874954e+00
1.681272902694646243e+00 2.184278550370298611e+00
1.674688114713738241e+00 -7.352559926339438112e-01
1.668141969805646996e+00 -6.311040661343859881e+00
1.661634165923890682e+00 1.874378295732190836e+00
1.655164403969556108e+00 1.514168326674921072e+00
1.648732387757757545e+00 5.351319679593871115e+00
1.642337823982426892e+00 -3.087687529150284327e+00
1.635980422183604288e+00 3.897137129264086619e-01
1.629659894714313495e+00 5.902434055622150844e+00
1.623375956707226120e+00 7.548828868067111841e+00
1.617128326043828945e+00 -2.808031933591807583e+00
1.610916723320464650e+00 -2.835123786038196148e+00
1.604740871819371639e+00 3.680259726937745501e+00
1.598600497476184490e+00 5.779868946552244147e+00
1.592495328849933056e+00 4.168079594132296228e-01
1.586425097093041137e+00 7.995170606288782622e+00
1.580389535921118194e+00 1.274458308540185048e+00
1.574388381584416186e+00 -1.715484333449479371e+00
1.568421372838663563e+00 6.061349972562231514e+00
1.562488250916104437e+00 3.059469490857221530e+00
1.556588759497582464e+00 8.824235232241711913e+00
1.550722644685040397e+00 -6.235429492494266590e+00
1.539089541225946212e+00 4.538347539844724277e-01
1.533322056642724807e+00 3.664847880394761059e+00
1.527586956739434454e+00 8.785776669860252852e+00
1.521883999318085046e+00 -2.333724371918041829e+00
1.516212944443238841e+00 -0.000000000000000000e+00
1.510573554415136410e+00 -2.853081232404340195e+00
1.504965593746153019e+00 -3.359628937708142526e+00
1.499388829134965961e+00 3.875307472394531771e+00
1.493843029443219672e+00 9.778261025330600376e+00
1.488327965670109387e+00 1.480338081364897640e+00
1.482843410930296146e+00 5.478138013309133747e+00
1.477389140429740566e+00 -5.026127956276285502e+00
1.471964931442160562e+00 2.536234802140118205e+00
1.466570563286738071e+00 -2.047660912671134259e+00
1.461205817306036492e+00 -0.000000000000000000e+00
1.455870476842457961e+00 5.213548243069546118e+00
1.450564327218034411e+00 -0.000000000000000000e+00
1.445287155710885507e+00 3.716531662301499228e+00
1.440038751535217987e+00 1.071549415307132991e+00
1.434818905820075541e+00 6.487818728461083317e+00
1.429627411587671038e+00 5.455638457033695765e+00
1.424464063733386965e+00 -8.257676329169861162e+00
1.419328659005774096e+00 1.388738706887083296e+01
1.414220995985926210e+00 5.605152221577532901e-01
1.409140875067480092e+00 4.524569345680010457e+00
1.404088098438281085e+00 2.282654065338004745e+00
1.399062470059132979e+00 5.182132163909914269e+00
1.394063795646714343e+00 3.485749224024051518e+00
1.389091882653369359e+00 5.861609379086009319e+00
1.384146540249191482e+00 5.914008626076852515e+00
1.379227579303271778e+00 -1.193356354090595373e+00
1.374334812365574532e+00 -2.407972323494059985e+00
1.369468053649853356e+00 4.858766195623896778e+00
1.364627119014691914e+00 1.102925625939536047e+01
1.359811825947045749e+00 1.854496007590009654e+00
1.355021993543908065e+00 -2.494530431894108613e+00
1.350257442496893390e+00 1.258276956791220202e+00
1.345517995073485906e+00 -0.000000000000000000e+00
1.340803475102457121e+00 5.762401475358959857e+00
1.336113707955322916e+00 1.937669167127011649e+00
1.331448520531968827e+00 5.863968292279727379e+00
1.326807741243565486e+00 5.258031741559250349e+00
1.322191199996735733e+00 -3.314978677778633198e+00
1.317598728178761780e+00 3.343887721511677569e+00
1.313030158641335765e+00 -5.396796823228584117e+00
1.308485325685350587e+00 1.360924242107999893e+00
1.303964065046732790e+00 -4.118191855045321148e+00
1.299466213879983512e+00 -2.076928135241323137e+00
1.294991610744846255e+00 -4.189767243905836658e+00
1.290540095591512948e+00 -0.000000000000000000e+00
1.286111509746042048e+00 -2.131166985853457430e+00
1.281705695895356545e+00 5.731989720764283369e+00
1.277322498075370127e+00 -7.226503827347761089e-01
1.272961761654944235e+00 6.559597923713771372e+00
1.268623333323179780e+00 2.205241273228951027e+00
1.264307061076708649e+00 7.413592317433876921e-01
1.260012794204276032e+00 -1.495361707010971264e+00
1.255740383275490979e+00 -2.262136524581901842e+00
1.251489680127075399e+00 2.281360245145970911e+00
1.247260537849739004e+00 -8.435952734580087764e+00
1.243052810775679751e+00 -5.413799061536120227e+00
1.238866354466290121e+00 3.119755408657685081e+00
1.234701025699033616e+00 7.865219749649511094e+00
1.230556682455985262e+00 4.758896743818380237e+00
1.226433183910914604e+00 7.998215228963425627e-01
1.222330390418035817e+00 4.839230377275081985e+00
1.218248163499507264e+00 -4.066501512357682202e+00
1.214186365834180936e+00 -4.920644805877521399e+00
1.210144861245727732e+00 -3.307840473856157093e+00
1.206123514690969900e+00 3.335433929633488948e+00
1.202122192249881705e+00 -8.408027877182872034e-01
1.198140761112462593e+00 -8.477932633923092043e-01
1.194179089568738528e+00 -1.709660278376571529e+00
1.190237046998344539e+00 8.619136456239082644e-01
1.186314503858857616e+00 4.345220069895992410e+00
1.182411331675170763e+00 9.638436239274987827e+00
1.178527403029494769e+00 6.184123857709435512e+00
1.174662591550522661e+00 2.672155844461899132e+00
1.170816771903430142e+00 -0.000000000000000000e+00
1.166989819778833759e+00 1.539191785845026139e+01
1.163181611884249511e+00 -3.651293489730215835e+00
1.155620940633629967e+00 -9.278019959785416271e-01
1.151868235683160435e+00 -3.741458622225463326e+00
1.148133791753624289e+00 -6.600835724265143867e+00
1.144417490485361677e+00 -5.703827191002346808e+00
1.140719214476860088e+00 3.833395581858357826e+00
1.137038847274754794e+00 -8.694988778072652025e+00
1.133376273365077180e+00 -1.266097317606798001e+01
1.129731378164714695e+00 -1.276317362143595524e+01
1.126104048011826064e+00 3.958779304135771504e+00
1.122494170157300131e+00 4.988289886386792382e+00
1.118901632754963238e+00 -2.011344570410599442e+00
1.115326324854913231e+00 -1.013737995812182646e+01
1.111768136392893735e+00 2.043710711761945742e+00
1.108226958182585431e+00 -9.270221516847659160e+00
1.104702681907897999e+00 -2.076492030956590185e+00
1.101195200113594508e+00 -7.325638687626595313e+00
1.097704406197583360e+00 -1.582269381068798353e+01
1.094230194402793011e+00 5.316127953991482080e+00
1.090772459808837747e+00 9.644922668764117191e+00
1.087331098324726630e+00 -4.320575827596718099e+00
1.083906006680529721e+00 1.088683491698554162e+00
1.080497082419253019e+00 7.680938528400189647e+00
1.077104223890171131e+00 -6.635547206466894998e+00
1.073727330240494382e+00 -1.114626552569250917e+00
1.070366301407868370e+00 -1.123383243428408118e+00
1.067021038113082021e+00 -1.471853323352837961e+01
1.063691441852775865e+00 1.597486341598360582e+01
1.060377414892358372e+00 1.149983927525437544e+00
1.057078860258506170e+00 -1.738442832794121173e+01
1.053795681731872103e+00 -8.175970711562568383e+00
1.050527783840626173e+00 9.416687767312531321e+00
1.047275071853164485e+00 -0.000000000000000000e+00
1.044037451770816638e+00 -1.195436012287121130e+01
1.040814830322221329e+00 -2.409392850144958409e+00
1.037607114955409360e+00 -4.856056472826113968e+00
1.034414213831761353e+00 -9.787114855366921162e+00
1.031236035818716257e+00 6.164112036327829003e+00
1.028072490484562618e+00 -0.000000000000000000e+00
1.024923488090730972e+00 -5.007452044535286362e+00
1.021788939586167455e+00 -1.513765321023505983e+01
1.018668756600667580e+00 -1.906707111892572470e+01
1.015562851438417846e+00 -7.685185215089211042e+00
1.012471137072578964e+00 -1.032519804472545921e+01
1.009393527138410462e+00 -3.901485016882770829e+00
1.006329935927645414e+00 -1.965600337886554172e+01
1.003280278382657764e+00 1.056292550352793214e+01
1.000244470089794335e+00 1.330391667968512381e+00
9.972224272743753781e-01 -2.278813348784437309e+01
9.942140667942365173e-01 -1.755814165786265235e+01
9.912193061349361400e-01 -1.224751920743261380e+01
9.882380634026722843e-01 9.597743935079359190e+00
9.852702573199073610e-01 8.288633920045040071e+00
9.823158072193266532e-01 -1.252650489741601980e+01
9.793746330384213161e-01 2.804582458046455340e+00
9.764466553134464322e-01 5.651245288988625326e+00
9.735317951756714550e-01 -0.000000000000000000e+00
9.706299743440874872e-01 4.302122585602663030e+00
9.677411151214498908e-01 2.022651224192422603e+01
9.648651403886522315e-01 -5.822099043953344655e+00
9.620019735995183341e-01 1.466362806755108039e+01
9.591515387755938926e-01 1.477265297763403762e+00
9.563137605015625820e-01 1.339409268810799958e+01
9.534885639200380014e-01 2.548750098638222283e+01
9.506758747259385078e-01 7.551811576827616612e+00
9.478756191627368821e-01 9.129152788343432690e+00
9.450877240170437732e-01 6.131018009098561095e+00
9.423121166136073645e-01 -1.235239775334410872e+01
9.395487248107303735e-01 -1.088787985187488871e+01
